2060.04
2317.953333333334
2643.4033333333336
2643.4033333333336
2292.68
2292.68
2153.6633333333334
1458.5433333333333
2276.6366666666668
1952.1733333333334
1943.9066666666668
1943.9066666666668
1343.6533333333332
1831.9833333333333
1831.9833333333333
1566.6533333333332
1566.6533333333332
1343.6533333333332
1343.6533333333332
1343.6533333333332
1343.6533333333332
1343.6533333333332
1343.6533333333332
1343.6533333333332
1343.6533333333332
1343.6533333333332
1343.6533333333332
1343.6533333333332
1343.6533333333332
1343.6533333333332
1343.6533333333332
1343.6533333333332
1343.6533333333332
1343.6533333333332
1343.6533333333332
1343.6533333333332
1343.6533333333332
1343.6533333333332
1343.6533333333332
1343.6533333333332
1343.6533333333332
1343.6533333333332
1343.6533333333332
1343.6533333333332
1343.6533333333332
1343.6533333333332
1343.6533333333332
1343.6533333333332
1343.6533333333332
1343.6533333333332
1343.6533333333332
1343.6533333333332
1343.6533333333332
1343.6533333333332
1343.6533333333332
1343.6533333333332
1343.6533333333332
1343.6533333333332
1343.6533333333332
1343.6533333333332
1343.6533333333332
1343.6533333333332
1343.6533333333332
1343.6533333333332
1343.6533333333332
1343.6533333333332
1343.6533333333332
1343.6533333333332
1343.6533333333332
1343.6533333333332
1343.6533333333332
1343.6533333333332
1343.6533333333332
1343.6533333333332
1343.6533333333332
1343.6533333333332
1343.6533333333332
1343.6533333333332
1343.6533333333332
1343.6533333333332
